Rectangles count; Build time; Request time; Total time
1; 419400; 9622300; 10041700
2; 800; 6786500; 6787300
4; 1200; 2121200; 2122400
8; 1800; 2189800; 2191600
16; 900; 2521200; 2522100
32; 600; 5976800; 5977400
64; 1200; 8712900; 8714100
128; 8800; 20076500; 20085300
256; 1500; 27473000; 27474500
512; 1200; 58678400; 58679600
1024; 800; 115075300; 115076100
2048; 1700; 234201300; 234203000
4096; 1400; 909664100; 909665500
8192; 1200; 1027791900; 1027793100
16384; 900; 1568531000; 1568531900
