Rectangles count; Build time; Request time; Total time
1;388400; 1831500; 2219900
2;900; 194300; 195200
4;500; 273400; 273900
8;300; 316600; 316900
16;600; 429600; 430200
32;300; 412600; 412900
64;400; 1071400; 1071800
128;700; 283600; 284300
256;700; 409600; 410300
512;1300; 775100; 776400
1024;600; 849900; 850500
